Se ha utilizado el Knn con una K de: 4Los resultados obtenidos han sido: 
 Letra 		Test 0:		Test 1:		Test 2		Test 3		Test 4		MEDIA
  A		97.5		95.0		90.0		90.0		102.49999999999999		95.0
  B		67.5		77.5		65.0		75.0		80.0		73.0
  C		100.0		100.0		97.5		100.0		100.0		99.5
  D		70.0		82.5		80.0		77.5		87.5		79.5
  E		80.0		80.0		82.5		82.5		85.0		82.0
  F		92.5		82.5		87.5		95.0		92.5		90.0
  G		65.0		75.0		72.5		67.5		77.5		71.5
  H		95.0		100.0		97.5		97.5		100.0		98.0
  I		85.0		87.5		87.5		90.0		92.5		88.5
  J		87.5		87.5		82.5		85.0		97.5		88.0
  K		92.5		95.0		95.0		87.5		92.5		92.5
  L		97.5		97.5		97.5		97.5		97.5		97.5
  M		85.0		92.5		87.5		82.5		92.5		88.0
  N		87.5		90.0		92.5		92.5		97.5		92.0
  O		95.0		90.0		92.5		90.0		82.5		90.0
  P		95.0		95.0		92.5		95.0		92.5		94.0
  Q		72.5		75.0		65.0		60.0		87.5		72.0
  R		82.5		82.5		90.0		87.5		85.0		85.5
  S		92.5		95.0		95.0		95.0		97.5		95.0
  T		87.5		95.0		85.0		95.0		102.49999999999999		93.0
  U		90.0		95.0		90.0		90.0		97.5		92.5
  V		85.0		87.5		87.5		90.0		97.5		89.5
  W		87.5		80.0		85.0		90.0		87.5		86.0
  X		90.0		92.5		92.5		90.0		95.0		92.0
  Y		80.0		85.0		85.0		75.0		90.0		83.0
  Z		95.0		100.0		100.0		97.5		100.0		98.5
MEDIA	86.73076923076923	89.03846153846153	87.5	87.5	92.6923076923077	88.6923076923077

